%real GDP (2005 chained USD) and bond spread (basis points)
data = [
  -0.006448029740161  -4.275866438845491
  -0.012182174128341  -4.371416455561866
  -0.010862631095989  -3.937340813412436
  -0.029068682047670  -3.720026183110773
  -0.009411742967920  -3.683560292636336
  -0.011300183309485  -3.746508566950573
  -0.010894525802470  -3.807662990103903
  -0.015664817962538  -3.679589407206844
  -0.005486732749368  -3.816712825623821
   0.010406936858010  -3.872802292274865
   0.012399721811043  -3.973898409146234
   0.021191285017419  -4.122744036743798
   0.038904098105579  -4.295237504601491
   0.042859966647121  -4.353115291179462
   0.029964694449808  -4.374058465024705
   0.031912703450406  -4.084394231368933
   0.015559860439184  -4.206394066030724
   0.010571843588592  -4.186459851129906
  -0.006910064147370  -3.991787973897009
  -0.018398611840823  -3.540459448995663
  -0.038181762408179  -3.471619845958701
  -0.038113763275851  -3.657380787054565
  -0.028955937168979  -3.778075032918407
  -0.023522712135986  -3.682234911395268
  -0.008589830806550  -3.687547008880157
  -0.008642762588538  -3.852183005072129
  -0.011301284933836  -3.968593356916540
  -0.011611115914604  -3.900423869584794
  -0.007615185964449  -4.043651447906583
   0.004517831518131  -4.118637254791145
   0.014698739816355  -4.217642778566594
   0.006946589605249  -4.307537782683142
   0.002810093053318  -4.434021929792262
   0.033850339202351  -4.465408243612933
   0.036061272937618  -4.595219855134923
   0.041655479975516  -4.639071737663773
   0.035781245291021  -4.556380021818660
   0.029174306887267  -4.358310108056566
   0.028791497752973  -4.350527967614511
   0.023993908337761  -4.290359446148058
   0.019664830542633  -4.204159428229307
  -0.008588330292433  -3.547379891840237
  -0.017993817659075  -3.810670511167859
  -0.007212239904494  -3.795722549731985
   0.005809355520165  -3.778075032918407
  -0.009747276458580  -3.902072674574978
  -0.005215427523405  -4.116590171169420
  -0.025296566975822  -3.650941614773544
  -0.049389029865882  -3.597212265588113
  -0.051529869973178  -3.557851191707532
  -0.062937824996466  -3.463072785380243
  -0.069693950755985  -3.290550861575092
  -0.064878655274129  -3.420380201078929
  -0.050196549240171  -3.609452320482614
  -0.038213964389373  -3.963316299815697
  -0.025299233701542  -3.952844999948401
  -0.013634297146142  -4.017383521085972
  -0.004061762898276  -4.199705077879927
  -0.001935475568603  -3.993594659121957
  -0.001372609395450  -3.982803187489193
   0.000474563819553  -4.011843340710357
   0.001360556933330  -3.813687104707284
   0.009315241043183  -3.847484484290575
   0.009330958814994  -3.809165619988438
   0.011348797502080  -3.705008836043820
   0.007812746454864  -3.623091713575933
   0.009862705651122  -3.549697389980600
   0.007139270356515  -3.564893474332945
   0.005122976841657  -3.702302474446077
   0.008155664247056  -3.905378462709478
   0.009245977821465  -3.897134392934396
   0.018666548343571  -3.791281387732017
   0.016280671906372  -3.756444773609702
   0.021496956007846  -3.877621578710814
   0.019101307297685  -3.925446025760287
   0.024820429211537  -4.162623402975395
   0.026620084510661  -4.242844570540544
   0.026529512047926  -4.139341928152836
   0.026883941975543  -4.028556821684098
   0.021519144769236  -3.959813669264495
   0.024366442493205  -4.090352540952563
   0.020787703535726  -4.114547269539620
   0.013227336935024  -4.066729395189127
  -0.003117862370070  -3.816712825623821
  -0.015519106188329  -3.822791871700203
  -0.016337715233696  -4.022954566135428
  -0.019679304691239  -4.049371196579370
  -0.023312091656324  -3.885705697110772
  -0.019940611164365  -3.963316299815697
  -0.016916485154045  -4.043651447906583
  -0.014196296548887  -3.869602289544194
  -0.011272897213226  -3.850614377299503
  -0.016981988490210  -3.852183005072129
  -0.018149720498476  -3.839702343848520
  -0.020444708561779  -3.908695215335472
  -0.014870470826022  -3.939051677816066
  -0.012727446618211  -4.028556821684098
  -0.006686977071311  -4.190855462602944
  -0.007811802369668  -4.195270480812061
  -0.004312254131428  -4.290359446148058
  -0.009407243379314  -4.273471228119536
  -0.014805148091382  -4.126867753927661
  -0.013980988883747  -4.057048777478404
  -0.014578236903642  -4.047460976323250
  -0.015296743360105  -4.017383521085972
  -0.005701857148813  -4.149857272152359
  -0.004586225873323  -4.190855462602944
  -0.001274771722498  -4.151973675058737
  -0.001158280537085  -4.195270480812061
   0.006014107966287  -4.206394066030724
   0.010941901250272  -4.190855462602944
   0.011039246037313  -4.179902450583747
   0.012896392568816  -4.094344562222100
   0.014303172435868  -4.100362634547664
   0.019866310046593  -3.951110394136193
   0.029482655161379  -3.657380787054565
   0.030806221624166  -3.721402645819496
   0.031047652555992  -3.816712825623821
   0.036138866909560  -3.809165619988438
   0.046395564644476  -3.863232841258714
   0.041460810738938  -3.989984546897858
   0.053234167110027  -3.722781005789618
   0.046524671355497  -3.718651612447606
   0.044879449265427  -3.631869199397157
   0.034031506630672  -3.564893474332945
   0.033022265078955  -3.587526959853649
   0.022731619763370  -3.516608233173483
   0.018712154912391  -3.456710091592414
   0.019718908578247  -3.547379891840237
   0.017465689575575  -3.532445668272109
   0.014905082834355  -3.391247050808987
   0.007566275118151  -3.326089909175350
   0.004064563677904  -3.442019376182410
   0.004463689806002  -3.556682284502550
   0.013540758626309  -3.659968110619516
   0.014950027050121  -3.739471240229997
   0.014422158506308  -3.792759584601328
   0.013959119683635  -3.880847387959697
   0.013732413578778  -3.841253934539939
   0.014826049985952  -3.905378462709478
   0.017209465402644  -4.092346559559427
   0.013917307485238  -4.010003413788350
   0.013939617057925  -4.036075654098125
   0.011549037581124  -3.991787973897008
   0.017036633780759  -4.053202618890926
   0.013086993907365  -4.094344562222100
   0.005808190884194  -4.076504644093770
   0.005545006688287  -4.104394898075602
   0.000998337051755  -4.124803769706809
   0.001366506963427  -4.106417143456370
   0.002653125520395  -3.963316299815697
   0.000359410279946  -3.794239969771763
  -0.009008369454207  -3.478078425998113
  -0.012939169917367  -3.472693383367225
  -0.027265760563612  -3.398201872682357
  -0.048615819554321  -2.884787379602264
  -0.072773028551271  -2.904673542607025
  -0.082169505448464  -3.064011114307285
  -0.084184885096482  -3.459886378010835
  -0.078217004605222  -3.552020271396739
  -0.079009034122539  -3.661264287080963];

y = data(:,1);
pr = data(:,2);